Loaded dataframe as pickle: SingleFrame2019-02-11-2019-03-01
Cleaning data...
Cleaned from Core Zone : 241.5 hours
Cleaned from Zone 1 : 0.0 hours
Cleaned from Zone 1A : 0.0 hours
Cleaned from Zone 2 : 0.0 hours
Cleaned from Zone 2A : 0.0 hours
Cleaned from Zone 2B : 0.0 hours
Cleaned from Zone 3 : 26.833333333333332 hours
Cleaned from Zone 4 : 0.0 hours
Cleaned from Zone 4A : 0.0 hours
Total Cleaned: 268.3333333333333 hours
2592
--- Model Accuracies:
Simple Model    & 75.73% \\\hlline
Never Curtail   & 75.73% \\\hlline
Always Curtail  & 24.27% \\\hlline
--- Accuracies for SC_k for different values of k
( -20 , 27.39 )
( -19 , 28.63 )
( -18 , 30.79 )
( -17 , 33.22 )
( -16 , 36.69 )
( -15 , 41.13 )
( -14 , 44.83 )
( -13 , 47.84 )
( -12 , 50.23 )
( -11 , 52.78 )
( -10 , 54.86 )
( -9 , 56.91 )
( -8 , 59.18 )
( -7 , 61.3 )
( -6 , 62.92 )
( -5 , 64.97 )
( -4 , 66.4 )
( -3 , 68.29 )
( -2 , 69.75 )
( -1 , 72.11 )
( 0 , 73.57 )
( 1 , 75.31 )
( 2 , 76.66 )
( 3 , 78.51 )
( 4 , 80.05 )
( 5 , 81.6 )
( 6 , 82.72 )
( 7 , 83.29 )
( 8 , 83.22 )
( 9 , 82.99 )
( 10 , 82.83 )
( 11 , 82.45 )
( 12 , 81.98 )
( 13 , 81.25 )
( 14 , 79.44 )
( 15 , 78.24 )
( 16 , 76.74 )
( 17 , 75.96 )
( 18 , 75.77 )
( 19 , 75.73 )
( 20 , 75.73 )
--- Accuracies for Linear CC_k for different values of k
( -20 , 24.27 )
( -19 , 24.27 )
( -18 , 24.34 )
( -17 , 25.42 )
( -16 , 26.16 )
( -15 , 26.97 )
( -14 , 28.94 )
( -13 , 31.21 )
( -12 , 32.41 )
( -11 , 34.88 )
( -10 , 37.19 )
( -9 , 40.51 )
( -8 , 42.21 )
( -7 , 45.22 )
( -6 , 48.23 )
( -5 , 50.66 )
( -4 , 52.93 )
( -3 , 55.44 )
( -2 , 58.76 )
( -1 , 61.69 )
( 0 , 65.47 )
( 1 , 67.52 )
( 2 , 69.83 )
( 3 , 71.72 )
( 4 , 74.0 )
( 5 , 75.54 )
( 6 , 76.5 )
( 7 , 76.47 )
( 8 , 78.2 )
( 9 , 79.36 )
( 10 , 79.98 )
( 11 , 80.32 )
( 12 , 80.17 )
( 13 , 79.75 )
( 14 , 79.59 )
( 15 , 79.32 )
( 16 , 78.59 )
( 17 , 78.32 )
( 18 , 77.74 )
( 19 , 77.28 )
( 20 , 76.43 )
--- Accuracies for Poly CC_k for different values of k
( -20 , 28.43 )
( -19 , 30.67 )
( -18 , 32.48 )
( -17 , 35.15 )
( -16 , 37.31 )
( -15 , 40.32 )
( -14 , 42.32 )
( -13 , 45.56 )
( -12 , 48.46 )
( -11 , 50.81 )
( -10 , 52.82 )
( -9 , 54.94 )
( -8 , 57.41 )
( -7 , 61.03 )
( -6 , 64.89 )
( -5 , 66.4 )
( -4 , 68.56 )
( -3 , 70.68 )
( -2 , 72.8 )
( -1 , 74.73 )
( 0 , 76.04 )
( 1 , 76.43 )
( 2 , 76.77 )
( 3 , 77.78 )
( 4 , 79.71 )
( 5 , 80.02 )
( 6 , 80.09 )
( 7 , 79.59 )
( 8 , 78.74 )
( 9 , 78.09 )
( 10 , 77.43 )
( 11 , 76.89 )
( 12 , 76.12 )
( 13 , 76.16 )
( 14 , 75.89 )
( 15 , 75.89 )
( 16 , 75.73 )
( 17 , 75.73 )
( 18 , 75.73 )
( 19 , 75.73 )
( 20 , 75.73 )
